{
 "cells": [
  {
   "cell_type": "markdown",
   "id": "cfe2dbd1",
   "metadata": {},
   "source": [
    "## Assignment 1: Multiple Regression\n",
    "\n",
    "1. Fit a model on 'speed', 'hd', 'ram', and 'screen' and plot the residuals. \n",
    "   \n",
    "   Do any features have unintuitive coefficients? \n",
    "   \n",
    "   Does our model predict better for certain price ranges?  \n",
    "         \n",
    "     <br>         \n",
    "2. Fit a model including all numeric columns (add 'trend' and 'ads' to the previous model), and plot the residuals. \n",
    "   \n",
    "   Do any features have unintuitive coefficients? \n",
    "   \n",
    "   Does our model predict better for certain price ranges?\n",
    "   \n",
    "   Which residual plot looks better?"
   ]
  },
  {
   "cell_type": "code",
   "execution_count": 4,
   "id": "367ef0a9",
   "metadata": {
    "scrolled": true
   },
   "outputs": [
    {
     "data": {
      "text/html": [
       "<div>\n",
       "<style scoped>\n",
       "    .dataframe tbody tr th:only-of-type {\n",
       "        vertical-align: middle;\n",
       "    }\n",
       "\n",
       "    .dataframe tbody tr th {\n",
       "        vertical-align: top;\n",
       "    }\n",
       "\n",
       "    .dataframe thead th {\n",
       "        text-align: right;\n",
       "    }\n",
       "</style>\n",
       "<table border=\"1\" class=\"dataframe\">\n",
       "  <thead>\n",
       "    <tr style=\"text-align: right;\">\n",
       "      <th></th>\n",
       "      <th>price</th>\n",
       "      <th>speed</th>\n",
       "      <th>hd</th>\n",
       "      <th>ram</th>\n",
       "      <th>screen</th>\n",
       "      <th>cd</th>\n",
       "      <th>multi</th>\n",
       "      <th>premium</th>\n",
       "      <th>ads</th>\n",
       "      <th>trend</th>\n",
       "    </tr>\n",
       "  </thead>\n",
       "  <tbody>\n",
       "    <tr>\n",
       "      <th>6254</th>\n",
       "      <td>1690</td>\n",
       "      <td>100</td>\n",
       "      <td>528</td>\n",
       "      <td>8</td>\n",
       "      <td>15</td>\n",
       "      <td>no</td>\n",
       "      <td>no</td>\n",
       "      <td>yes</td>\n",
       "      <td>39</td>\n",
       "      <td>35</td>\n",
       "    </tr>\n",
       "    <tr>\n",
       "      <th>6255</th>\n",
       "      <td>2223</td>\n",
       "      <td>66</td>\n",
       "      <td>850</td>\n",
       "      <td>16</td>\n",
       "      <td>15</td>\n",
       "      <td>yes</td>\n",
       "      <td>yes</td>\n",
       "      <td>yes</td>\n",
       "      <td>39</td>\n",
       "      <td>35</td>\n",
       "    </tr>\n",
       "    <tr>\n",
       "      <th>6256</th>\n",
       "      <td>2654</td>\n",
       "      <td>100</td>\n",
       "      <td>1200</td>\n",
       "      <td>24</td>\n",
       "      <td>15</td>\n",
       "      <td>yes</td>\n",
       "      <td>no</td>\n",
       "      <td>yes</td>\n",
       "      <td>39</td>\n",
       "      <td>35</td>\n",
       "    </tr>\n",
       "    <tr>\n",
       "      <th>6257</th>\n",
       "      <td>2195</td>\n",
       "      <td>100</td>\n",
       "      <td>850</td>\n",
       "      <td>16</td>\n",
       "      <td>15</td>\n",
       "      <td>yes</td>\n",
       "      <td>no</td>\n",
       "      <td>yes</td>\n",
       "      <td>39</td>\n",
       "      <td>35</td>\n",
       "    </tr>\n",
       "    <tr>\n",
       "      <th>6258</th>\n",
       "      <td>2490</td>\n",
       "      <td>100</td>\n",
       "      <td>850</td>\n",
       "      <td>16</td>\n",
       "      <td>17</td>\n",
       "      <td>yes</td>\n",
       "      <td>no</td>\n",
       "      <td>yes</td>\n",
       "      <td>39</td>\n",
       "      <td>35</td>\n",
       "    </tr>\n",
       "  </tbody>\n",
       "</table>\n",
       "</div>"
      ],
      "text/plain": [
       "      price  speed    hd  ram  screen   cd multi premium  ads  trend\n",
       "6254   1690    100   528    8      15   no    no     yes   39     35\n",
       "6255   2223     66   850   16      15  yes   yes     yes   39     35\n",
       "6256   2654    100  1200   24      15  yes    no     yes   39     35\n",
       "6257   2195    100   850   16      15  yes    no     yes   39     35\n",
       "6258   2490    100   850   16      17  yes    no     yes   39     35"
      ]
     },
     "execution_count": 4,
     "metadata": {},
     "output_type": "execute_result"
    }
   ],
   "source": [
    "import pandas as pd\n",
    "import seaborn as sns\n",
    "import statsmodels.api as sm\n",
    "\n",
    "computers = pd.read_csv(\"../Data/Computers.csv\")\n",
    "\n",
    "computers.tail()"
   ]
  },
  {
   "cell_type": "markdown",
   "id": "888aea8a",
   "metadata": {},
   "source": [
    "### EDA"
   ]
  },
  {
   "cell_type": "code",
   "execution_count": 5,
   "id": "611d25bf",
   "metadata": {},
   "outputs": [
    {
     "data": {
      "text/html": [
       "<div>\n",
       "<style scoped>\n",
       "    .dataframe tbody tr th:only-of-type {\n",
       "        vertical-align: middle;\n",
       "    }\n",
       "\n",
       "    .dataframe tbody tr th {\n",
       "        vertical-align: top;\n",
       "    }\n",
       "\n",
       "    .dataframe thead th {\n",
       "        text-align: right;\n",
       "    }\n",
       "</style>\n",
       "<table border=\"1\" class=\"dataframe\">\n",
       "  <thead>\n",
       "    <tr style=\"text-align: right;\">\n",
       "      <th></th>\n",
       "      <th>price</th>\n",
       "      <th>speed</th>\n",
       "      <th>hd</th>\n",
       "      <th>ram</th>\n",
       "      <th>screen</th>\n",
       "      <th>ads</th>\n",
       "      <th>trend</th>\n",
       "    </tr>\n",
       "  </thead>\n",
       "  <tbody>\n",
       "    <tr>\n",
       "      <th>price</th>\n",
       "      <td>1.000000</td>\n",
       "      <td>0.300976</td>\n",
       "      <td>0.430258</td>\n",
       "      <td>0.622748</td>\n",
       "      <td>0.296041</td>\n",
       "      <td>0.054540</td>\n",
       "      <td>-0.199987</td>\n",
       "    </tr>\n",
       "    <tr>\n",
       "      <th>speed</th>\n",
       "      <td>0.300976</td>\n",
       "      <td>1.000000</td>\n",
       "      <td>0.372304</td>\n",
       "      <td>0.234760</td>\n",
       "      <td>0.189074</td>\n",
       "      <td>-0.215232</td>\n",
       "      <td>0.405438</td>\n",
       "    </tr>\n",
       "    <tr>\n",
       "      <th>hd</th>\n",
       "      <td>0.430258</td>\n",
       "      <td>0.372304</td>\n",
       "      <td>1.000000</td>\n",
       "      <td>0.777726</td>\n",
       "      <td>0.232802</td>\n",
       "      <td>-0.323222</td>\n",
       "      <td>0.577790</td>\n",
       "    </tr>\n",
       "    <tr>\n",
       "      <th>ram</th>\n",
       "      <td>0.622748</td>\n",
       "      <td>0.234760</td>\n",
       "      <td>0.777726</td>\n",
       "      <td>1.000000</td>\n",
       "      <td>0.208954</td>\n",
       "      <td>-0.181670</td>\n",
       "      <td>0.276844</td>\n",
       "    </tr>\n",
       "    <tr>\n",
       "      <th>screen</th>\n",
       "      <td>0.296041</td>\n",
       "      <td>0.189074</td>\n",
       "      <td>0.232802</td>\n",
       "      <td>0.208954</td>\n",
       "      <td>1.000000</td>\n",
       "      <td>-0.093919</td>\n",
       "      <td>0.188614</td>\n",
       "    </tr>\n",
       "    <tr>\n",
       "      <th>ads</th>\n",
       "      <td>0.054540</td>\n",
       "      <td>-0.215232</td>\n",
       "      <td>-0.323222</td>\n",
       "      <td>-0.181670</td>\n",
       "      <td>-0.093919</td>\n",
       "      <td>1.000000</td>\n",
       "      <td>-0.318553</td>\n",
       "    </tr>\n",
       "    <tr>\n",
       "      <th>trend</th>\n",
       "      <td>-0.199987</td>\n",
       "      <td>0.405438</td>\n",
       "      <td>0.577790</td>\n",
       "      <td>0.276844</td>\n",
       "      <td>0.188614</td>\n",
       "      <td>-0.318553</td>\n",
       "      <td>1.000000</td>\n",
       "    </tr>\n",
       "  </tbody>\n",
       "</table>\n",
       "</div>"
      ],
      "text/plain": [
       "           price     speed        hd       ram    screen       ads     trend\n",
       "price   1.000000  0.300976  0.430258  0.622748  0.296041  0.054540 -0.199987\n",
       "speed   0.300976  1.000000  0.372304  0.234760  0.189074 -0.215232  0.405438\n",
       "hd      0.430258  0.372304  1.000000  0.777726  0.232802 -0.323222  0.577790\n",
       "ram     0.622748  0.234760  0.777726  1.000000  0.208954 -0.181670  0.276844\n",
       "screen  0.296041  0.189074  0.232802  0.208954  1.000000 -0.093919  0.188614\n",
       "ads     0.054540 -0.215232 -0.323222 -0.181670 -0.093919  1.000000 -0.318553\n",
       "trend  -0.199987  0.405438  0.577790  0.276844  0.188614 -0.318553  1.000000"
      ]
     },
     "execution_count": 5,
     "metadata": {},
     "output_type": "execute_result"
    }
   ],
   "source": [
    "computers.corr(numeric_only=True)"
   ]
  },
  {
   "cell_type": "markdown",
   "id": "facd0846",
   "metadata": {},
   "source": [
    "### First Model"
   ]
  },
  {
   "cell_type": "code",
   "execution_count": 1,
   "id": "0ba67bee",
   "metadata": {},
   "outputs": [],
   "source": [
    "cols = [\"ram\", \"speed\", \"hd\", \"screen\"]\n"
   ]
  },
  {
   "cell_type": "markdown",
   "id": "cb6778b9",
   "metadata": {},
   "source": [
    "### Second Model"
   ]
  },
  {
   "cell_type": "code",
   "execution_count": 2,
   "id": "d32f0d81",
   "metadata": {},
   "outputs": [],
   "source": [
    "cols = [\"ram\", \"speed\", \"hd\", \"screen\", \"ads\", \"trend\"]\n",
    "\n"
   ]
  },
  {
   "cell_type": "markdown",
   "id": "e1f7d714",
   "metadata": {},
   "source": [
    "## Assignment 2: Metrics\n",
    "\n",
    "Calculate MSE and RMSE for your regression model fitted on all numeric features."
   ]
  },
  {
   "cell_type": "code",
   "execution_count": null,
   "id": "1bd20a0e",
   "metadata": {},
   "outputs": [],
   "source": []
  }
 ],
 "metadata": {
  "kernelspec": {
   "display_name": "Python 3 (ipykernel)",
   "language": "python",
   "name": "python3"
  },
  "language_info": {
   "codemirror_mode": {
    "name": "ipython",
    "version": 3
   },
   "file_extension": ".py",
   "mimetype": "text/x-python",
   "name": "python",
   "nbconvert_exporter": "python",
   "pygments_lexer": "ipython3",
   "version": "3.11.3"
  }
 },
 "nbformat": 4,
 "nbformat_minor": 5
}
